0.04822161715380059
0.04820499771556388
0.04815925479476623
0.04807214103286198
0.04794116105848339
0.047775899734466346
0.04759765837028531
0.04743527434066959
0.047317737698431
0.04726714897486191
0.04729548325960731
0.04740400867857438
0.047581781820021825
0.047803777388142135
0.048033164655340785
0.04822999931767191
0.048363646948597606
0.04842301448054435
0.0484184280412507
0.04837379071168996
0.04831526478158213
0.04826448284632928
0.04823793639979001
0.04824833899469411
0.048304468634566174
0.048409654007225106
0.04856031019461803
0.048744574727706644
0.04894030591805572
0.04911360225390973
0.04922159567405434
0.04922159491947233
0.04908312308319045
0.048797079455519476
0.04837975645484763
0.04787341293039786
0.047344075114260885
0.04687327547831845
0.04654130027504204
0.04640608996992554
0.04648629503384991
0.04675549391912418
0.04715031525276886
0.047589807988339575
0.04799837013853396
0.048323558356748675
0.04854313777026354
0.04866046559996053
0.04869286413403027
0.04866066153529756
0.04858219622085151
0.0484748303324223
0.0483577571688398
0.048251809469467714
0.04817477188408952
0.04813477431511867
0.04812638877251036
0.04813249854486869
0.04813093544453328
0.04810294661863532
0.04804139492268453
0.047955698470342346
0.04786894471206391
0.047806650828156494
0.04778434036634479
0.047802532567247744
0.0478507709372214
0.04791562757378312
0.04798711165219001
0.048061140216607554
0.0481385779192215
0.048222300695609246
0.04831358962089231
0.04840921865081302
0.04850068841286562
0.04857663973852488
0.04862821205238698
0.048654585229665925
0.04866453681359036
0.04867219693648699
0.04868890721483596
0.04871563276558436
0.048741310258438524
0.04874921594655182
0.048726943594385
0.04867331994705914
0.048599128272776765
0.04852208355223009
0.048458915573144426
0.04841966973661501
0.048407314872016785
0.048420106065414234
0.04845297425600395
0.04849807325220816
0.04854645243144661
0.048590330284054684
0.04862283048862672
0.04863479691271845
0.04861414247040637
0.048552123826387523
0.04845276420136325
0.048337121288887355
0.04823736489725026
0.04818325470207827
0.04819012800973057
0.048255993680825185
0.04836686081263638
0.048504181172448
0.04865021116723706
0.04879067551482523
0.04891540730769395
0.04901826678770674
0.04909804382210618
0.04915939376367344
0.049210037848580586
0.04925400678091822
0.04928676020439952
0.0492972388438438
0.04927499874229745
0.04921593246385705
0.049122180666054976
0.04899800420456537
0.04884701676788612
0.048673489984329334
0.048485298264549226
0.04829399732127964
0.04810965911103314
0.04793293562119596
0.0477512352537643
0.04754547600558669
0.04730699823136274
0.04705561973761438
0.0468472313440595
0.04676423328063684
0.046888774816659436
0.047264942802484826
0.047864793470403934
0.04858084753194743
0.049260113693505275
0.04976520072144125
0.05002209762834909
0.05002636250371777
0.049818256767666616
0.04945916436060388
0.04902734071356426
0.048618549622885775
0.048326626902084675
0.04820628736610703
0.048246440081275675
0.04837493918947763
0.04849149130954339
0.0485095929202122
0.048388947023043416
0.0481489261451424
0.047860069807408145
0.04761653111399156
0.047500031072020124
0.04754579088187167
0.04771872073755741
0.047916931706349836
0.0480158292935896
0.04793102730876635
0.04765715753612774
0.04726531194407286
0.04687213615349503
0.04659623655082746
0.04651598201871588
0.04664693706484276
0.04694803749796728
0.04734545106909501
0.047755736172870406
0.04810044005865767
0.048315678940871576
0.0483624202599158
0.04823660155855622
0.04797037517550999
0.04761979844436898
0.04724532952945647
0.046894825916279144
0.04659736412705233
0.04637157010216493
0.046238727758766494
0.04622339834153128
0.04633743836792103
0.046556848371132484
0.04680222832371207
0.04695015164777534
0.046903826675387846
0.04667396031792567
0.04637498001679759
0.04614294686669435
0.04606664791237103
0.04616886305748596
0.046418751080171274
0.046763814704344896
0.04716724145499292
0.047624340281735
0.04814906338395906
0.048751180885650454
0.04942417708606213
0.05013411902377643
0.050795706113515096
0.051250229273538256
0.05126970610877906
0.05059879172557574
0.04902606190328578
0.04644959182114059
0.04290458092872741
0.038558056401614284
0.03369421051009706
0.0287001443973235
0.024038583779417907
0.02017994581251551
0.01749312902153132
0.016147711804242935
0.016079827379625895
0.01702111662805957
0.0185640802229227
0.020244356282672057
0.021627457844647594
0.022390179892432173
0.02238057817254451
0.02163867137656221
0.02037939773350375
0.01894850923772813
0.017751264257234663
0.017163629054063635
0.017457371078215576
0.01875945008709713
0.021039941945335667
0.024118458200257844
0.027683303993405742
0.031314573631206696
0.03450992949236538
0.03673362771863949
0.03750991533587004
0.03654663048738939
0.03384653405260163
0.029769382066146745
0.025021026380188043
0.020553609198618004
0.017384121364851457
0.016380033507547558
0.018078179401837077
0.022573979367510273
0.029490562685185958
0.038034714930457306
0.04713357556714876
0.055635812477026855
0.06256197234975565
0.0673458607700962
0.06996038255954419
0.0708686777275003
0.07084563733147609
0.07076433003103612
0.07141898812631374
0.0734111264585094
0.0770943071962499
0.08256442937341683
0.08968150839029691
0.09809463596561407
0.10723870025300698
0.11631827420752788
0.12434096172760584
0.13023432515825586
0.13302004456387523
0.13201288427387314
0.1270256492983486
0.11851824846999891
0.10758516577968821
0.09573008796194782
0.08450002600858032
0.07512739289312476
0.06830336135419675
0.06413598274685166
0.06228643675934249
0.062214841903934205
0.0634179836295256
0.06555337787040681
0.06840897231856043
0.07175837170398557
0.07520376604589978
0.07809575983408334
0.07954597519141889
0.07851390656912316
0.07395779991944636
0.06503044316194356
0.051300369448027607
0.03300330750795098
0.011306158996103067
-0.011533298810277483
-0.03230732092046993
-0.047434155960195214
-0.05388995162226498
-0.05017957452577385
-0.03693363764029015
-0.016829014441584796
0.006200859975215832
0.02815865164521745
0.046040888138373585
0.05833036830209475
0.06489525981136861
0.06657515824174352
0.06471037424161465
0.06072962596979137
0.05586996277350726
0.051067828822729734
0.04696133594252094
0.04391179588026206
0.042028435192984256
0.04122008595894823
0.04126508786139148
0.041881657679846064
0.04279484711196512
0.04379409744202471
0.04477148254824389
0.045726873530133626
0.04672231120018809
0.047789689863151026
0.0488485784493686
0.04970622813737482
0.05014261750373779
0.05001328224480804
0.04931559446327899
0.048219959475660164
0.047086106583696906
0.04645600383473707
0.04698509735962665
0.049287016944714275
0.053735935440558484
0.06032194250916838
0.06860717131108515
0.07775756691475295
0.08663165436690597
0.09393394251574283
0.09840369710628395
0.09897700719378552
0.09490328649676402
0.08585760137830334
0.072094072849624
0.054625816981222194
0.035327951642603335
0.016813209539108327
0.0019841900427873837
-0.006688040480121896
-0.007937586116502037
-0.0021885405116469554
0.008562975742637749
0.021502693138612382
0.03398333730549107
0.044179673100480515
0.05121564251674895
0.05499964787534486
0.056013724131866775
0.055082820489336576
0.053113933776780343
0.0508871655941771
0.048953401916896365
0.04760538260005794
0.046896462653731305
0.04671085116258356
0.046860270298099284
0.047164746356883655
0.047495829918661955
0.0477806176066278
0.047986279929469036
0.04811357985174259
0.0481981327395283
0.04829867492039843
0.048475816466494945
0.048775078060717944
0.049207643890304464
0.049725406209208525
0.050211335863343226
0.050507509582913696
0.050478165784504994
0.05007120687644754
0.049333865886963396
0.048384849564463754
0.047383297684859785
0.04650814449479219
0.04593404115470189
0.04580364637467015
0.04619584747108833
0.047079568618878694
0.04828062816708348
0.04951680479078032
0.05050023563992748
0.05104082644087031
0.05109141333737764
0.05072726214193905
0.050092825078394125
0.04935074381546391
0.048645499019715724
0.048079667943996686
0.047701892857199966
0.04750897292379942
0.047462165492572636
0.04751138987275841
0.04761651539264774
0.04775662707360913
0.04792532044260109
0.04811786313830546
0.0483189739162238
0.04849800672811159
0.04861477897913368
0.04863337961011117
0.0485353018102547
0.048324535183070436
0.04802443915480096
0.047670902022115935
0.047305651044482144
0.04697036074559132
0.04670084669280057
0.04652268109586414
0.046450088173697335
0.046486452561728356
0.04662368060511921
0.04684196400850309
0.04711313733214965
0.047406461249428315
0.04769335954236789
0.04795038848228806
0.04816127833438898
0.04831707459104305
0.04841339091902586
0.04844782148132235
0.048422039364559404
0.04834695140311531
0.04824381430738368
0.04813898789451367
0.04805723578625213
0.048016947223525105
0.048026390763088136
0.04808165802485172
0.048168901744467175
0.04827030996931434
0.0483699774103438
0.04845726142702386
0.048527863930374074
0.048582799511864616
0.04862542769732427
0.04865837502085863
0.04868155239660761
0.04869029138476131
0.048673905705544515
0.04861811692794947
0.048513117724025424
0.048362577480756785
0.04818597828013152
0.04801194063548516
0.04786775894666179
0.047772189110769143
0.04773410699759229
0.04775477883602764
0.047830412746299455
0.047953431131702424
0.04811256970117328
0.048292613906399266
0.0484746574834433
0.04863726241307054
0.048758835311938226
0.048821789349921214
0.04881815442005222
0.04875474856196027
0.048654828566948964
0.04855308360281178
0.048483606237936065
0.048465798091055876
0.04849666991361448
0.04855444622179476
0.04860980196753625
0.04863695309550831
0.04862080463571563
0.04856090694910423
0.0484718192502293
0.04837742069847862
0.0483003528071227
0.04825295224592167
0.04823520069659122
0.04823951997137827
0.04825778564398895
0.04828532352441232
0.04831923027327284
0.04835321086924228
0.048374392235310044
0.048365751885461744
0.04831354033064441
0.0482151007232553
0.0480811039092313
0.047931075253683314
0.04778717067511727
0.047670116891352206
0.04759713716163141
0.04758147025607824
0.047633428088536905
0.04776088664413853
0.047966717000949996
0.048243625359065685
0.04857007751989056
0.04891140642920515
0.04922702513402824
0.04948010497548003
0.04964421618717435
0.04970487268332379
0.04965969182426683
0.04952156471008596
0.04932287753520654
0.04911314521407412
0.048945517064943496
0.048857894521967815
0.04886109497062374
0.04894100129969806
0.04906942882530326
0.04921416489686622
0.049344801189154006
0.049435739955555544
0.049467883748026534
0.04943167969575523
0.04933337110211143
0.049200284378014346
0.0490774906721806
0.04901299886882727
0.04903732742697134
0.049148953387845376
0.04931485699168619
0.049485122703238106
0.0496117040136194
0.04966250477757045
0.04962806939421794
0.04952144365424899
0.04937250129949195
0.0492193929539363
0.04910112697513973
0.049053769580779456
0.04910837436736029
0.049286213596241524
0.04959009681217568
0.04999557314984834
0.05044658172993257
0.05085985367536731
0.05114331760704304
0.05122660849976283
0.05108687428390049
0.05075104826623507
0.05027579175790424
0.049725463076746176
0.04916307481619062
0.04864960217011702
0.04823893149623136
0.047964944115239036
0.047830085168821174
0.047806840193765035
0.04785318245426297
0.0479321268810497
0.04802384137986888
0.04812530714944439
0.048241029858447866
0.04837265495344745
0.04851344306017897
0.048648971458553555
0.04876229472119618
0.04884032302089283
0.048878203658119755
0.04888037334978066
0.04885823144877098
0.04882515414790438
0.04879230110749381
0.04876900556800032
0.04876559763244512
0.04879255794746575
0.04885548338194469
0.04895169977285081
0.049071364030717865
0.04920032929235893
0.04932251669516551
0.04942192661702514
0.04948447793877004
0.04949944165475711
0.04946058216396149
0.049367726841837954
0.049228703016035116
0.049059628414799536
0.048881947616672985
0.04871742685198096
0.04858368466915823
0.04849144892797726
0.04844303018925683
0.048432492506307975
0.04844955119881001
0.04848634146262452
0.0485418179980063
0.04861961128547321
0.04872118623853468
0.04884063914884154
0.04896526992329192
0.04908040863747361
0.049175460983819565
0.04924898687971022
0.04930912240229206
0.049367009192033615
0.04942817991627306
