0.03211088546
0.08938895824
-0.00222922560
0.07241673524
0.08574535847
0.14162121827
0.02775311993
0.05964145647
0.10455837224
0.03948086165
0.04716712893
-0.09632548761
-0.04942653873
-0.11270739611
0.02763939468
-0.10622525308
0.16812933415
0.02150928500
0.06990311722
0.09144063604
0.04723510613
0.06423500459
-0.05968368889
0.04299550841
0.01713739963
0.04103147501
-0.01646077229
0.03582455495
0.04049334087
-0.03362366038
-0.05102030660
0.01000488768
-0.08719363487
-0.02604403460
0.06951351005
0.01989927005
0.07183132476
-0.15219327766
-0.01250574435
-0.03935625428
-0.07361257886
0.14456811160
-0.06679304547
0.14181754470
-0.02596995532
0.12611757962
-0.04036516174
0.01026636064
0.01981949781
0.04629950042
-0.06188390314
-0.09293750844
0.06232445705
0.10669977435
-0.04852240476
0.19530841222
-0.03977387196
0.07157241374
-0.00391957236
0.12904049413
0.02210605581
0.08881536491
-0.05251040578
0.13270126721
0.06175246954
0.06383580716
-0.09324751419
0.07088759077
0.10556983681
0.00032846660
0.06356781951
0.11915937826
0.02811055366
0.06803621572
0.03033333211
0.01480693170
0.16860032716
-0.11161018675
-0.00087539065
-0.12646966131
-0.00832741795
-0.07840753774
-0.08709817029